,record_id,record_date,num_cases,new_cases,pct_change,index
0,0,2/27/2020,1,1,(n.a.),0
1,2,3/9/2020,2,1,(+100%),1
2,6,3/17/2020,2,1,(+100%),2
3,7,3/18/2020,7,5,(+250%),3
4,8,3/19/2020,11,4,(+57%),4
5,9,3/20/2020,12,1,(+9%),5
6,10,3/21/2020,22,10,(+91%),6
7,11,3/22/2020,30,8,(+36%),7
8,12,3/23/2020,40,10,(+33%),8
9,13,3/24/2020,44,4,(+10%),9
10,14,3/25/2020,51,7,(+16%),10
11,15,3/26/2020,65,14,(+27%),11
12,16,3/27/2020,81,16,(+25%),12
13,17,3/28/2020,97,16,(+20%),13
14,18,3/29/2020,111,14,(+14%),14
15,19,3/30/2020,131,20,(+18%),15
16,20,3/31/2020,151,20,(+15%),16
17,21,4/1/2020,174,23,(+15%),17
18,22,4/2/2020,184,10,(+6%),18
19,23,4/3/2020,209,25,(+14%),19
20,24,4/4/2020,214,5,(+2%),20
21,25,4/5/2020,232,18,(+8%),21
22,26,4/6/2020,238,6,(+3%),22
23,27,4/7/2020,254,16,(+7%),23
24,28,4/8/2020,274,20,(+8%),24
25,29,4/9/2020,286,12,manual,25
26,30,4/10/2020,305,17,(+6%),26
27,31,4/11/2020,318,13,(+4%),27
28,32,4/12/2020,323,5,manual,28
29,33,4/13/2020,343,20,manual,29
30,34,4/14/2020,373,30,manual,30
31,35,4/15/2020,407,34,manual,31
32,36,4/16/2020,442,35,manual,32
33,37,4/17/2020,493,51,manual,33
34,38,4/18/2020,542,49,manual,34
35,39,4/19/2020,627,86,manual,35
36,40,4/20/2020,665,38,manual,36
37,41,4/21/2020,782,117,manual,37
38,42,4/22/2020,873,91,manual,38
39,43,4/23/2020,981,108,manual,39
40,44,4/24/2020,1095,114,manual,40
41,45,4/25/2020,1182,87,manual,41
42,46,4/26/2020,1273,91,manual,42
43,47,4/27/2020,1337,64,manual,43
44,48,4/28/2020,1532,195,manual,44
45,49,4/29/2020,1728,196,manual,45
46,50,4/30/2020,1932,204,manual,46
47,51,5/1/2020,2170,238,manual,47
48,52,5/2/2020,2388,220,manual,48
49,53,5/3/2020,2557,169,manual,49
50,54,5/4/2020,2802,245,manual,50
51,55,5/5/2020,2950,148,manual,51
52,56,5/6/2020,3145,195,manual,52
53,57,5/7/2020,3526,381,manual,53
54,58,5/8/2020,3912,386,manual,54
55,59,5/9/2020,4151,239,manual,55
56,60,5/10/2020,4399,248,manual,56
57,61,5/11/2020,4641,242,manual,57
58,62,5/12/2020,4787,146,manual,58
59,63,5/13/2020,4971,184,manual,59
60,64,5/14/2020,5162,193,manual,60
61,65,5/15/2020,5445,288,manual,61
62,66,5/16/2020,5621,176,manual,62
63,67,5/17/2020,5959,338,manual,63
64,68,5/18/2020,6175,216,manual,64
65,69,5/19/2020,6401,226,manual,65
66,70,5/20/2020,6677,284,manual,66
67,71,5/21/2020,7016,339,manual,67
68,72,5/22/2020,7261,245,manual,68
69,73,5/23/2020,7526,265,manual,69
70,74,5/24/2020,7839,313,manual,70
71,75,5/25/2020,8068,229,manual,71
72,76,5/26/2020,8344,276,manual,72
73,77,5/27/2020,8733,389,manual,73
74,78,5/28/2020,8915,182,manual,74
75,79,5/29/2020,9302,387,manual,75
76,80,5/30/2020,9855,553,manual,76
77,81,5/31/2020,10162,307,manual,77
78,82,6/1/2020,10578,416,manual,78
79,83,6/2/2020,10819,241,manual,79
80,84,6/3/2020,11166,348,manual,80
81,85,6/4/2020,11516,350,manual,81
82,86,6/5/2020,11844,328,manual,82
83,87,6/6/2020,12233,389,manual,83
84,88,6/7/2020,12486,260,manual,84
85,89,6/8/2020,12801,315,manual,85
86,90,6/9/2020,13464,663,manual,86
87,91,6/10/2020,13873,409,manual,87
88,92,6/11/2020,14554,681,manual,88
89,93,6/12/2020,15181,627,manual,89
90,94,6/13/2020,15682,501,manual,90
91,95,6/14/2020,16085,403,manual,91
92,96,6/15/2020,16658,573,manual,92
93,97,6/16/2020,17148,490,manual,93
94,98,6/17/2020,17735,587,manual,94
95,99,6/18/2020,18480,745,manual,95
96,100,6/19/2020,19147,667,manual,96
97,101,6/20/2020,19808,661,manual,97
98,102,6/21/2020,20244,436,manual,98
99,103,6/22/2020,20919,675,manual,99
100,104,6/23/2020,21371,452,manual,100
101,105,6/24/2020,22020,649,manual,101
102,106,6/25/2020,22614,594,manual,102
103,107,6/26/2020,23298,684,manual,103
104,108,6/27/2020,24077,779,manual,104
105,109,6/28/2020,24567,490,manual,105
106,110,6/29/2020,25133,566,manual,106
107,111,6/30/2020,25694,561,manual,107
108,112,7/1/2020,26484,790,manual,108
109,113,7/2/2020,27110,626,manual,109
110,114,7/3/2020,27564,454,manual,110
111,115,7/4/2020,28167,603,manual,111
,,,,,,
